8.118251153896456351e-01 1.783078560811608870e+00 1.000000000000000056e-01
1.944199090390785756e-01 1.068249304277367084e+00 1.000000000000000056e-01
7.098596640524235113e-02 1.009720316041080146e+00 1.000000000000000056e-01
1.974409504963895445e-01 1.070269031324186937e+00 1.000000000000000056e-01
2.629060845794625179e-01 1.120067252766741017e+00 1.000000000000000056e-01
4.551784572949655328e-01 1.320067602129532114e+00 1.000000000000000056e-01
6.667647743269898841e-01 1.592723402805412469e+00 1.000000000000000056e-01
6.694428399219388703e-01 1.596294135536605374e+00 1.000000000000000056e-01
1.690697562365250928e-02 1.000566858861086539e+00 1.000000000000000056e-01
6.459079053856819908e-02 1.008074469590026334e+00 1.000000000000000056e-01
6.952949491505128199e-01 1.630740172777912056e+00 1.000000000000000056e-01
3.379692532980193009e-01 1.189842497269739008e+00 1.000000000000000056e-01
7.031430668455463939e-01 1.641179259967710857e+00 1.000000000000000056e-01
6.494197548105145046e-01 1.569601840314594154e+00 1.000000000000000056e-01
8.439171995781583613e-01 1.823357823292965252e+00 1.000000000000000056e-01
3.938265578696730218e-01 1.249116469202669721e+00 1.000000000000000056e-01
2.961708437989762910e-02 1.001728364106457603e+00 1.000000000000000056e-01
8.521779487865870362e-01 1.833556702644949299e+00 1.000000000000000056e-01
5.158304363245302948e-02 1.005184368082310042e+00 1.000000000000000056e-01
8.225669274622583460e-01 1.796670468091921213e+00 1.000000000000000056e-01
3.439482747683246799e-01 1.195911607542283317e+00 1.000000000000000056e-01
1.737739140010113870e-01 1.055147230643167511e+00 1.000000000000000056e-01
8.647372970501844280e-01 1.848916064493005607e+00 1.000000000000000056e-01
3.538703981967425971e-01 1.206135359142731955e+00 1.000000000000000056e-01
5.722614925924500717e-01 1.467560397875999456e+00 1.000000000000000056e-01
5.769309095742747306e-01 1.473667514200862616e+00 1.000000000000000056e-01
7.203361159336141295e-02 1.010003911426804901e+00 1.000000000000000056e-01
4.726370091439513477e-02 1.004362134479071633e+00 1.000000000000000056e-01
7.779822267032345806e-01 1.739634011071442554e+00 1.000000000000000056e-01
7.070953938381747683e-01 1.646431482128538626e+00 1.000000000000000056e-01
8.317029841752642261e-01 1.808145924051940856e+00 1.000000000000000056e-01
7.542821618009647455e-01 1.708740674614729560e+00 1.000000000000000056e-01
5.799423983975431351e-01 1.477612496682356280e+00 1.000000000000000056e-01
6.547187010420799647e-01 1.576663677378292050e+00 1.000000000000000056e-01
9.560312751138028142e-01 1.954183028828906599e+00 1.000000000000000056e-01
1.522911318499075017e-01 1.042853152075259526e+00 1.000000000000000056e-01
5.445747138050973657e-01 1.431623279085102673e+00 1.000000000000000056e-01
9.781862039794236852e-01 1.977720742196309001e+00 1.000000000000000056e-01
6.809297097189697112e-01 1.611607081735432212e+00 1.000000000000000056e-01
9.695678393359311587e-01 1.968669906656407509e+00 1.000000000000000056e-01
1.980816298717924528e-01 1.070700667574225440e+00 1.000000000000000056e-01
2.533421190078688490e-01 1.112104396562556552e+00 1.000000000000000056e-01
8.529110035963228809e-01 1.834458126596726579e+00 1.000000000000000056e-01
9.835424417972826738e-02 1.018395679274823218e+00 1.000000000000000056e-01
4.083542294776542070e-01 1.265411988467112447e+00 1.000000000000000056e-01
2.866021129469711326e-01 1.140739823721894641e+00 1.000000000000000056e-01
2.685493530209855928e-01 1.124870065017905318e+00 1.000000000000000056e-01
1.852143282211323738e-01 1.062255038102055016e+00 1.000000000000000056e-01
6.860650661365506053e-01 1.618449825642081841e+00 1.000000000000000056e-01
6.441701749193606830e-02 1.008031802512161956e+00 1.000000000000000056e-01
9.519031870087919511e-01 1.949701146110859984e+00 1.000000000000000056e-01
7.044662994714624427e-01 1.642938094420961281e+00 1.000000000000000056e-01
6.069649899913662772e-01 1.513203151126493839e+00 1.000000000000000056e-01
3.907861515340643743e-01 1.245749187930692781e+00 1.000000000000000056e-01
7.697177721106007731e-02 1.011393277788829925e+00 1.000000000000000056e-01
3.493627598411359614e-01 1.201467435566009323e+00 1.000000000000000056e-01
3.028688480679498918e-01 1.155677058409904756e+00 1.000000000000000056e-01
5.189416232436888654e-01 1.398849625628142856e+00 1.000000000000000056e-01
1.764733028947329530e-01 1.056789775791470598e+00 1.000000000000000056e-01
8.562156639974208838e-01 1.838514316774470636e+00 1.000000000000000056e-01
4.974940379766600307e-01 1.371870703130710911e+00 1.000000000000000056e-01
2.816510055448638861e-01 1.136311967156151459e+00 1.000000000000000056e-01
6.626678339237566107e-01 1.587260879546033898e+00 1.000000000000000056e-01
4.828581833093517073e-01 1.353724687060051224e+00 1.000000000000000056e-01
6.362254983997296387e-01 1.552032576993511270e+00 1.000000000000000056e-01
4.970553159344930361e-01 1.371323506034078266e+00 1.000000000000000056e-01
2.645423261103944101e-01 1.121451913625371555e+00 1.000000000000000056e-01
5.187085305291493365e-01 1.398554119562511522e+00 1.000000000000000056e-01
2.775918442076302783e-01 1.132724004808934426e+00 1.000000000000000056e-01
8.139281373586511048e-01 1.785747716653667050e+00 1.000000000000000056e-01
9.037669820187305136e-01 1.895397382400390907e+00 1.000000000000000056e-01
2.874262920704087065e-01 1.141482347449413348e+00 1.000000000000000056e-01
5.407037604951281384e-02 1.005689130679890075e+00 1.000000000000000056e-01
8.128411863821058958e-01 1.784368642680876693e+00 1.000000000000000056e-01
8.498875077632175312e-01 1.830736346359612465e+00 1.000000000000000056e-01
1.325996369052878654e-01 1.032833872591397473e+00 1.000000000000000056e-01
6.685390827846592332e-01 1.595089140852000043e+00 1.000000000000000056e-01
8.229650634595433445e-01 1.797172211932448693e+00 1.000000000000000056e-01
8.791105795005427215e-01 1.866263035965794348e+00 1.000000000000000056e-01
2.584908975125164154e-01 1.116363361250481745e+00 1.000000000000000056e-01
8.679404204194345329e-01 1.852803771610177286e+00 1.000000000000000056e-01
1.652349844659799505e-01 1.050093855480950022e+00 1.000000000000000056e-01
7.097841813001469768e-01 1.650002451467154962e+00 1.000000000000000056e-01
5.698450004778344846e-01 1.464404686094648245e+00 1.000000000000000056e-01
3.182711899161517755e-01 1.170353327053151204e+00 1.000000000000000056e-01
5.254283927081631056e-01 1.407092350384094193e+00 1.000000000000000056e-01
1.784384825391336360e-01 1.057999050704577559e+00 1.000000000000000056e-01
2.302022100029332830e-01 1.093786996031404612e+00 1.000000000000000056e-01
4.097093946772141226e-01 1.266949024587073369e+00 1.000000000000000056e-01
7.286542765798698085e-01 1.675004553997459178e+00 1.000000000000000056e-01
4.177727033572331550e-02 1.003417765079169355e+00 1.000000000000000056e-01
8.000414872478348594e-01 1.768053102988680569e+00 1.000000000000000056e-01
5.871941224571453066e-02 1.006693476013853505e+00 1.000000000000000056e-01
9.048273518870297849e-01 1.896631576886099957e+00 1.000000000000000056e-01
2.416744964341328572e-01 1.102697747938798933e+00 1.000000000000000056e-01
5.758319600025015861e-01 1.472229122445722682e+00 1.000000000000000056e-01
1.026591544646943133e-01 1.019995889222977237e+00 1.000000000000000056e-01
8.610654041298936301e-01 1.844444411964244024e+00 1.000000000000000056e-01
8.057600310657867526e-01 1.775359377474987399e+00 1.000000000000000056e-01
6.739223544160564128e-01 1.602266460949396398e+00 1.000000000000000056e-01
