5.624057610226997905e-01 3.143864184005085161e-01 1.000000000000000056e-01
9.842160764474068291e-01 2.466683373643890675e+00 1.000000000000000056e-01
4.949361146104599429e-01 1.843445156279667485e-01 1.000000000000000056e-01
7.989628013402143569e-01 9.190948234108724524e-01 1.000000000000000056e-01
9.409141220746766177e-01 1.986272270705664145e+00 1.000000000000000056e-01
7.990232947276192377e-01 9.451981865658791726e-01 1.000000000000000056e-01
2.283326750003393801e-01 1.458370555610985220e-01 1.000000000000000056e-01
4.706907676818031794e-01 1.587500509929671844e-01 1.000000000000000056e-01
5.603632763105772518e-01 1.303630336057700345e-01 1.000000000000000056e-01
1.489357413491722015e-01 5.706338974474896991e-02 1.000000000000000056e-01
9.655188359613927629e-01 2.235444198769536595e+00 1.000000000000000056e-01
3.490950068065391543e-01 4.723905078538376962e-02 1.000000000000000056e-01
7.136775269113672104e-01 6.680113509518238457e-01 1.000000000000000056e-01
3.493293384494189358e-02 3.762602191941533114e-02 1.000000000000000056e-01
3.477160327187078792e-01 -2.553994508554390808e-01 1.000000000000000056e-01
3.454193205546198797e-01 -6.998147669073061239e-02 1.000000000000000056e-01
6.830275501829035090e-01 3.314154974154693845e-01 1.000000000000000056e-01
2.734936404133260224e-01 -3.162496349169718890e-02 1.000000000000000056e-01
2.149035833526579120e-01 8.343376606778107885e-02 1.000000000000000056e-01
7.899512244147866014e-01 9.013084992439854837e-01 1.000000000000000056e-01
4.095727627245189240e-01 1.338118603677506402e-01 1.000000000000000056e-01
7.935897753608555094e-01 8.576756801890952353e-01 1.000000000000000056e-01
3.699275615205657175e-01 9.631327636330133668e-02 1.000000000000000056e-01
1.579238420570885371e-01 5.899525788305683832e-02 1.000000000000000056e-01
7.288870173028029198e-01 6.958913132881712205e-01 1.000000000000000056e-01
9.517885470401347137e-01 2.182405369569372144e+00 1.000000000000000056e-01
3.097975792299535458e-01 2.497067296316429416e-02 1.000000000000000056e-01
1.922273989018534746e-01 -4.706676920090364230e-02 1.000000000000000056e-01
3.393341712517752295e-01 -1.588372661256781948e-01 1.000000000000000056e-01
5.386233902811881080e-01 8.486424638248285524e-02 1.000000000000000056e-01
7.093224128892801073e-01 4.749534905362462478e-01 1.000000000000000056e-01
8.588701622853669448e-01 1.368140471793851454e+00 1.000000000000000056e-01
9.090436654847526832e-01 1.566642549152482022e+00 1.000000000000000056e-01
6.182343919061694670e-02 -3.449368519586015064e-02 1.000000000000000056e-01
5.051876782620662309e-01 7.388162461877462173e-02 1.000000000000000056e-01
4.494672084395447964e-01 6.185861992480091304e-02 1.000000000000000056e-01
9.331765888461456271e-01 1.930716766113724336e+00 1.000000000000000056e-01
1.309375804704989710e-01 1.389599943657374437e-01 1.000000000000000056e-01
5.424797215510227533e-01 3.823610067506599819e-01 1.000000000000000056e-01
5.793563078692876012e-01 2.955637265973363181e-01 1.000000000000000056e-01
8.023732650441861569e-02 1.134036265777480477e-02 1.000000000000000056e-01
4.708895185418842111e-01 4.883674231865961501e-03 1.000000000000000056e-01
6.065486588063961904e-02 1.316870744738636023e-01 1.000000000000000056e-01
4.650355645670152249e-01 7.746264011815529038e-02 1.000000000000000056e-01
1.036895259865164842e-01 7.845286759171289995e-03 1.000000000000000056e-01
8.261840110398703807e-01 1.165483569907677541e+00 1.000000000000000056e-01
4.423576403549659419e-01 1.304517474879479111e-01 1.000000000000000056e-01
9.984538454771858529e-01 2.371810478212753814e+00 1.000000000000000056e-01
5.220283944561858736e-01 2.112584654264461903e-01 1.000000000000000056e-01
9.280566014316169454e-01 1.855200719056362635e+00 1.000000000000000056e-01
7.321620027815836096e-01 8.368044988279544905e-01 1.000000000000000056e-01
3.875994299756071459e-01 4.783165630546724889e-03 1.000000000000000056e-01
1.983060970019998592e-01 1.319454100106636288e-02 1.000000000000000056e-01
5.498913244638879982e-01 3.307599773689123834e-01 1.000000000000000056e-01
6.620835949865250258e-01 4.026150177239782302e-01 1.000000000000000056e-01
1.127870808292638083e-01 3.076205845282187212e-02 1.000000000000000056e-01
4.349805244061942799e-01 1.351475229953832680e-01 1.000000000000000056e-01
6.752648939721848098e-01 4.534984440628530566e-01 1.000000000000000056e-01
2.983854190099846093e-01 1.304835247721621849e-01 1.000000000000000056e-01
7.395477684478369840e-01 6.523502030010955854e-01 1.000000000000000056e-01
8.133258682124656636e-01 1.149311163520990053e+00 1.000000000000000056e-01
3.735147753975041063e-01 -2.175249609087002989e-02 1.000000000000000056e-01
2.708440664854528945e-01 4.207463857435729537e-02 1.000000000000000056e-01
1.197877075585489504e-01 -2.344723374651009884e-01 1.000000000000000056e-01
2.925545782442195986e-02 2.282183021390912173e-03 1.000000000000000056e-01
1.985397184254391600e-01 9.850654226473345987e-02 1.000000000000000056e-01
4.120130098246871375e-01 8.085044464011623133e-02 1.000000000000000056e-01
9.075478136614200109e-01 1.580400144548491204e+00 1.000000000000000056e-01
4.054020976069067084e-01 8.480849944964642673e-02 1.000000000000000056e-01
3.398180602862542754e-01 -3.939789812686692039e-02 1.000000000000000056e-01
4.416445301766215303e-01 3.858849636440810082e-02 1.000000000000000056e-01
7.107351150989154043e-01 7.447539405606815599e-01 1.000000000000000056e-01
4.661671710171528815e-01 2.450161817959459754e-01 1.000000000000000056e-01
9.307655191824854013e-01 1.821664557473621437e+00 1.000000000000000056e-01
2.182593746275240942e-01 2.270101901753333960e-03 1.000000000000000056e-01
9.795478902479950456e-01 2.224728899098654455e+00 1.000000000000000056e-01
3.987279574899695866e-01 9.322599737473713510e-02 1.000000000000000056e-01
3.909321118092411451e-01 2.255213330101699665e-01 1.000000000000000056e-01
2.773135634754030354e-01 9.969899157395172365e-03 1.000000000000000056e-01
3.803551825918262130e-01 1.071434753931725659e-01 1.000000000000000056e-01
5.935615159995281109e-01 4.566421905661869340e-01 1.000000000000000056e-01
4.067238431820723310e-01 -3.644999215292789307e-02 1.000000000000000056e-01
9.805972262700635156e-02 7.957440379759120330e-02 1.000000000000000056e-01
9.186536618868496040e-01 1.792978456821962441e+00 1.000000000000000056e-01
1.928604406550009642e-01 -2.934788567042968463e-02 1.000000000000000056e-01
9.977835265358013794e-01 2.533584157254016311e+00 1.000000000000000056e-01
6.250129398648033296e-01 3.567861060549821217e-01 1.000000000000000056e-01
2.865699812406634628e-01 1.599994572722502895e-01 1.000000000000000056e-01
1.082349377285952707e-01 -8.121704445721682208e-02 1.000000000000000056e-01
3.860050523008282664e-01 2.846727812026438389e-02 1.000000000000000056e-01
1.116321369690476129e-02 3.605837265846312950e-02 1.000000000000000056e-01
9.059377762070913720e-01 1.536132056667023349e+00 1.000000000000000056e-01
6.976021158680113521e-01 5.896155523045625291e-01 1.000000000000000056e-01
5.022877203095869048e-01 3.202293859258756314e-02 1.000000000000000056e-01
9.078737775366464424e-01 1.663844114491775050e+00 1.000000000000000056e-01
2.482249295196718997e-01 7.590284511062683759e-02 1.000000000000000056e-01
7.394599428394488250e-01 8.413789569362601917e-01 1.000000000000000056e-01
2.403081141754872530e-01 4.873067375213305241e-02 1.000000000000000056e-01
7.440755301966800461e-01 7.750404807328639123e-01 1.000000000000000056e-01
1.232313330743978197e-01 9.220225000472201393e-02 1.000000000000000056e-01
